2022-04-24 00:21:40.980573
Iteration 0
[[1, 0, 0, 0, 1, 0, 0], [1, 0, 0, 0, 0.5, 0, 0], [0, 1, 1, 0, 0, 1, 0], [0, 1, 1, 1, 0, 0.5, 0], [1, 0, 0, 0, 0.7, 0, 0], [0, 1, 1, 1, 0, 0.7, 0], [1, 1, 1, 1, 0.7, 0.7, 0], [0.5, 1, 1, 1, 0.5, 0.5, 1], [1, 0.5, 1, 1, 0.5, 0.5, 1], [0.7, 0.4, 0.3, 0.3, 0.7, 0.6, 1]]
Starting 0 [1, 0, 0, 0, 1, 0, 0] [0, 1, 1, 1, 0, 0.7, 0]
46.01650142669678
Starting 1 [1, 0, 0, 0, 0.5, 0, 0] [1, 1, 1, 1, 0.7, 0.7, 0]
38.80626440048218
Starting 2 [0, 1, 1, 0, 0, 1, 0] [0.5, 1, 1, 1, 0.5, 0.5, 1]
36.71391010284424
Starting 3 [0, 1, 1, 1, 0, 0.5, 0] [1, 0.5, 1, 1, 0.5, 0.5, 1]
47.505767583847046
Starting 4 [1, 0, 0, 0, 0.7, 0, 0] [0.7, 0.4, 0.3, 0.3, 0.7, 0.6, 1]
42.05846548080444
Starting 0 [1, 0, 0, 0, 1, 0, 0] [0, 1, 1, 1, 0, 0.7, 0]
36.68353033065796
Starting 1 [1, 0, 0, 0, 0.5, 0, 0] [1, 1, 1, 1, 0.7, 0.7, 0]
51.66248655319214
Starting 2 [0, 1, 1, 0, 0, 1, 0] [0.5, 1, 1, 1, 0.5, 0.5, 1]
35.66312026977539
Starting 3 [0, 1, 1, 1, 0, 0.5, 0] [1, 0.5, 1, 1, 0.5, 0.5, 1]
52.103209257125854
Starting 4 [1, 0, 0, 0, 0.7, 0, 0] [0.7, 0.4, 0.3, 0.3, 0.7, 0.6, 1]
55.836942195892334
Starting 0 [1, 0, 0, 0, 1, 0, 0] [0, 1, 1, 1, 0, 0.7, 0]
43.31008863449097
Starting 1 [1, 0, 0, 0, 0.5, 0, 0] [1, 1, 1, 1, 0.7, 0.7, 0]
38.44664144515991
Starting 2 [0, 1, 1, 0, 0, 1, 0] [0.5, 1, 1, 1, 0.5, 0.5, 1]
38.40144467353821
Starting 3 [0, 1, 1, 1, 0, 0.5, 0] [1, 0.5, 1, 1, 0.5, 0.5, 1]
51.23931312561035
Starting 4 [1, 0, 0, 0, 0.7, 0, 0] [0.7, 0.4, 0.3, 0.3, 0.7, 0.6, 1]
47.165767669677734
Starting 0 [1, 0, 0, 0, 1, 0, 0] [0, 1, 1, 1, 0, 0.7, 0]
22.862913846969604
Starting 1 [1, 0, 0, 0, 0.5, 0, 0] [1, 1, 1, 1, 0.7, 0.7, 0]
34.692914962768555
Starting 2 [0, 1, 1, 0, 0, 1, 0] [0.5, 1, 1, 1, 0.5, 0.5, 1]
36.35125756263733
Starting 3 [0, 1, 1, 1, 0, 0.5, 0] [1, 0.5, 1, 1, 0.5, 0.5, 1]
53.35695433616638
Starting 4 [1, 0, 0, 0, 0.7, 0, 0] [0.7, 0.4, 0.3, 0.3, 0.7, 0.6, 1]
51.1153507232666
Starting 0 [1, 0, 0, 0, 1, 0, 0] [0, 1, 1, 1, 0, 0.7, 0]
69.38567900657654
Starting 1 [1, 0, 0, 0, 0.5, 0, 0] [1, 1, 1, 1, 0.7, 0.7, 0]
50.67587113380432
Starting 2 [0, 1, 1, 0, 0, 1, 0] [0.5, 1, 1, 1, 0.5, 0.5, 1]
38.20051336288452
Starting 3 [0, 1, 1, 1, 0, 0.5, 0] [1, 0.5, 1, 1, 0.5, 0.5, 1]
49.71678280830383
Starting 4 [1, 0, 0, 0, 0.7, 0, 0] [0.7, 0.4, 0.3, 0.3, 0.7, 0.6, 1]
49.3026168346405
[5, 4, 5, 0, 5, 0, 1, 0, 5, 0]
Iteration 1
[[0.9575032756670702, 0.26138372778017294, 0.20562921716074958, 0.018423145717761914, 0.7230145603586927, 0.224835012685032, 0.522720914951062], [0.9796784118755736, 0.3481459078060057, 0.5248416628468808, 0.1448379458438693, 0.5686972876574478, 0.3753701503550372, 1.0070615155939082], [1, 0.5, 1, 1, 0.5, 0.5, 1], [0.8855158469712893, 0.24046556955076656, 0.2914319454173075, 0.0, 0.4522923311463284, 0.7918237813363745, 0.0], [1, 0, 0, 0, 0.7, 0, 0], [0.07660238795927685, 0.9166313812514151, 1.0098951799301135, 0.061615837594845985, -0.10304046387541937, 1.0000964720936238, -0.04587923676179184], [1, 0, 0, 0, 1, 0, 0], [0.2813582549685397, 0.06091630942237252, 0.979732011791544, 0.0, 0.03539756319591791, 0.7315476028066612, 0.0], [1, 0, 0, 0, 0.5, 0, 0], [0.3990043102643928, 0.8029481811802168, 1.0399854448462933, 0.2938317141500601, 0.005981152238470594, 0.8229090023396993, 0.49565719748181913]]
Starting 0 [0.9575032756670702, 0.26138372778017294, 0.20562921716074958, 0.018423145717761914, 0.7230145603586927, 0.224835012685032, 0.522720914951062] [0.07660238795927685, 0.9166313812514151, 1.0098951799301135, 0.061615837594845985, -0.10304046387541937, 1.0000964720936238, -0.04587923676179184]
36.28500485420227
Starting 1 [0.9796784118755736, 0.3481459078060057, 0.5248416628468808, 0.1448379458438693, 0.5686972876574478, 0.3753701503550372, 1.0070615155939082] [1, 0, 0, 0, 1, 0, 0]
39.8617000579834
Starting 2 [1, 0.5, 1, 1, 0.5, 0.5, 1] [0.2813582549685397, 0.06091630942237252, 0.979732011791544, 0.0, 0.03539756319591791, 0.7315476028066612, 0.0]
30.433449745178223
Starting 3 [0.8855158469712893, 0.24046556955076656, 0.2914319454173075, 0.0, 0.4522923311463284, 0.7918237813363745, 0.0] [1, 0, 0, 0, 0.5, 0, 0]
53.87035584449768
Starting 4 [1, 0, 0, 0, 0.7, 0, 0] [0.3990043102643928, 0.8029481811802168, 1.0399854448462933, 0.2938317141500601, 0.005981152238470594, 0.8229090023396993, 0.49565719748181913]
62.818047523498535
Starting 0 [0.9575032756670702, 0.26138372778017294, 0.20562921716074958, 0.018423145717761914, 0.7230145603586927, 0.224835012685032, 0.522720914951062] [0.07660238795927685, 0.9166313812514151, 1.0098951799301135, 0.061615837594845985, -0.10304046387541937, 1.0000964720936238, -0.04587923676179184]
39.02507519721985
Starting 1 [0.9796784118755736, 0.3481459078060057, 0.5248416628468808, 0.1448379458438693, 0.5686972876574478, 0.3753701503550372, 1.0070615155939082] [1, 0, 0, 0, 1, 0, 0]
35.835001707077026
Starting 2 [1, 0.5, 1, 1, 0.5, 0.5, 1] [0.2813582549685397, 0.06091630942237252, 0.979732011791544, 0.0, 0.03539756319591791, 0.7315476028066612, 0.0]
32.8734405040741
Starting 3 [0.8855158469712893, 0.24046556955076656, 0.2914319454173075, 0.0, 0.4522923311463284, 0.7918237813363745, 0.0] [1, 0, 0, 0, 0.5, 0, 0]
48.218575954437256
Starting 4 [1, 0, 0, 0, 0.7, 0, 0] [0.3990043102643928, 0.8029481811802168, 1.0399854448462933, 0.2938317141500601, 0.005981152238470594, 0.8229090023396993, 0.49565719748181913]
44.50202465057373
Starting 0 [0.9575032756670702, 0.26138372778017294, 0.20562921716074958, 0.018423145717761914, 0.7230145603586927, 0.224835012685032, 0.522720914951062] [0.07660238795927685, 0.9166313812514151, 1.0098951799301135, 0.061615837594845985, -0.10304046387541937, 1.0000964720936238, -0.04587923676179184]
43.70425367355347
Starting 1 [0.9796784118755736, 0.3481459078060057, 0.5248416628468808, 0.1448379458438693, 0.5686972876574478, 0.3753701503550372, 1.0070615155939082] [1, 0, 0, 0, 1, 0, 0]
45.36254668235779
Starting 2 [1, 0.5, 1, 1, 0.5, 0.5, 1] [0.2813582549685397, 0.06091630942237252, 0.979732011791544, 0.0, 0.03539756319591791, 0.7315476028066612, 0.0]
35.617311000823975
Starting 3 [0.8855158469712893, 0.24046556955076656, 0.2914319454173075, 0.0, 0.4522923311463284, 0.7918237813363745, 0.0] [1, 0, 0, 0, 0.5, 0, 0]
67.52351784706116
Starting 4 [1, 0, 0, 0, 0.7, 0, 0] [0.3990043102643928, 0.8029481811802168, 1.0399854448462933, 0.2938317141500601, 0.005981152238470594, 0.8229090023396993, 0.49565719748181913]
80.7820897102356
Starting 0 [0.9575032756670702, 0.26138372778017294, 0.20562921716074958, 0.018423145717761914, 0.7230145603586927, 0.224835012685032, 0.522720914951062] [0.07660238795927685, 0.9166313812514151, 1.0098951799301135, 0.061615837594845985, -0.10304046387541937, 1.0000964720936238, -0.04587923676179184]
155.61448216438293
Starting 1 [0.9796784118755736, 0.3481459078060057, 0.5248416628468808, 0.1448379458438693, 0.5686972876574478, 0.3753701503550372, 1.0070615155939082] [1, 0, 0, 0, 1, 0, 0]
37.8126323223114
Starting 2 [1, 0.5, 1, 1, 0.5, 0.5, 1] [0.2813582549685397, 0.06091630942237252, 0.979732011791544, 0.0, 0.03539756319591791, 0.7315476028066612, 0.0]
35.95811367034912
Starting 3 [0.8855158469712893, 0.24046556955076656, 0.2914319454173075, 0.0, 0.4522923311463284, 0.7918237813363745, 0.0] [1, 0, 0, 0, 0.5, 0, 0]
85.86996030807495
Starting 4 [1, 0, 0, 0, 0.7, 0, 0] [0.3990043102643928, 0.8029481811802168, 1.0399854448462933, 0.2938317141500601, 0.005981152238470594, 0.8229090023396993, 0.49565719748181913]
137.90296864509583
Starting 0 [0.9575032756670702, 0.26138372778017294, 0.20562921716074958, 0.018423145717761914, 0.7230145603586927, 0.224835012685032, 0.522720914951062] [0.07660238795927685, 0.9166313812514151, 1.0098951799301135, 0.061615837594845985, -0.10304046387541937, 1.0000964720936238, -0.04587923676179184]
42.73419642448425
Starting 1 [0.9796784118755736, 0.3481459078060057, 0.5248416628468808, 0.1448379458438693, 0.5686972876574478, 0.3753701503550372, 1.0070615155939082] [1, 0, 0, 0, 1, 0, 0]
37.118356227874756
Starting 2 [1, 0.5, 1, 1, 0.5, 0.5, 1] [0.2813582549685397, 0.06091630942237252, 0.979732011791544, 0.0, 0.03539756319591791, 0.7315476028066612, 0.0]
35.280681133270264
Starting 3 [0.8855158469712893, 0.24046556955076656, 0.2914319454173075, 0.0, 0.4522923311463284, 0.7918237813363745, 0.0] [1, 0, 0, 0, 0.5, 0, 0]
46.19861721992493
Starting 4 [1, 0, 0, 0, 0.7, 0, 0] [0.3990043102643928, 0.8029481811802168, 1.0399854448462933, 0.2938317141500601, 0.005981152238470594, 0.8229090023396993, 0.49565719748181913]
54.23190879821777
[1, 1, 5, 4, 5, 4, 3, 0, 1, 0]
Iteration 2
[[1, 0, 0, 0, 0.7, 0, 0], [-0.052635509998207375, 1.0482668669404362, 0.8864986338574483, 0.11337677072238303, -0.10113323356701381, 1.1244378962993984, -0.19185727401629885], [0.986281768633805, 0.07419542393783458, 0.26569870452196764, 0.0, 0.8944962150738578, 0.27987691355795047, 0.0], [0.9784837872897604, 0.32900831417575094, 0.14539143250194533, 0.1364968629185074, 0.8974677878798837, 0.30835618114209673, 0.7718385980637441], [0.8855158469712893, 0.24046556955076656, 0.2914319454173075, 0.0, 0.4522923311463284, 0.7918237813363745, 0.0], [1, 0, 0, 0, 1, 0, 0], [0.22059255892022533, 0.6219628676763348, 1.0327682015651982, 0.49462467617185585, 0.3115456478252717, 1.0178223668101656, 0.9569110343336316], [0.3031359226863535, 0.6470472187433188, 0.5230332689604402, 0.05157935977082491, 0.7770856741636142, 0.34250472633547296, -0.0319393613376372], [0.99154614075574, 0.2915209908145255, 0.6700612721006192, 0.8540886421972275, 0.4904494013364229, 0.5552353495596991, 0.11257097573676057], [1, 0.5, 1, 1, 0.5, 0.5, 1]]
Starting 0 [1, 0, 0, 0, 0.7, 0, 0] [1, 0, 0, 0, 1, 0, 0]
48.28363490104675
Starting 1 [-0.052635509998207375, 1.0482668669404362, 0.8864986338574483, 0.11337677072238303, -0.10113323356701381, 1.1244378962993984, -0.19185727401629885] [0.22059255892022533, 0.6219628676763348, 1.0327682015651982, 0.49462467617185585, 0.3115456478252717, 1.0178223668101656, 0.9569110343336316]
47.72543478012085
Starting 2 [0.986281768633805, 0.07419542393783458, 0.26569870452196764, 0.0, 0.8944962150738578, 0.27987691355795047, 0.0] [0.3031359226863535, 0.6470472187433188, 0.5230332689604402, 0.05157935977082491, 0.7770856741636142, 0.34250472633547296, -0.0319393613376372]
38.317091941833496
Starting 3 [0.9784837872897604, 0.32900831417575094, 0.14539143250194533, 0.1364968629185074, 0.8974677878798837, 0.30835618114209673, 0.7718385980637441] [0.99154614075574, 0.2915209908145255, 0.6700612721006192, 0.8540886421972275, 0.4904494013364229, 0.5552353495596991, 0.11257097573676057]
86.0373432636261
Starting 4 [0.8855158469712893, 0.24046556955076656, 0.2914319454173075, 0.0, 0.4522923311463284, 0.7918237813363745, 0.0] [1, 0.5, 1, 1, 0.5, 0.5, 1]
48.83235239982605
Starting 0 [1, 0, 0, 0, 0.7, 0, 0] [1, 0, 0, 0, 1, 0, 0]
51.16884636878967
Starting 1 [-0.052635509998207375, 1.0482668669404362, 0.8864986338574483, 0.11337677072238303, -0.10113323356701381, 1.1244378962993984, -0.19185727401629885] [0.22059255892022533, 0.6219628676763348, 1.0327682015651982, 0.49462467617185585, 0.3115456478252717, 1.0178223668101656, 0.9569110343336316]
61.429059982299805
Starting 2 [0.986281768633805, 0.07419542393783458, 0.26569870452196764, 0.0, 0.8944962150738578, 0.27987691355795047, 0.0] [0.3031359226863535, 0.6470472187433188, 0.5230332689604402, 0.05157935977082491, 0.7770856741636142, 0.34250472633547296, -0.0319393613376372]
43.36462068557739
Starting 3 [0.9784837872897604, 0.32900831417575094, 0.14539143250194533, 0.1364968629185074, 0.8974677878798837, 0.30835618114209673, 0.7718385980637441] [0.99154614075574, 0.2915209908145255, 0.6700612721006192, 0.8540886421972275, 0.4904494013364229, 0.5552353495596991, 0.11257097573676057]
73.86603331565857
Starting 4 [0.8855158469712893, 0.24046556955076656, 0.2914319454173075, 0.0, 0.4522923311463284, 0.7918237813363745, 0.0] [1, 0.5, 1, 1, 0.5, 0.5, 1]
228.06247472763062
Starting 0 [1, 0, 0, 0, 0.7, 0, 0] [1, 0, 0, 0, 1, 0, 0]
89.83888459205627
Starting 1 [-0.052635509998207375, 1.0482668669404362, 0.8864986338574483, 0.11337677072238303, -0.10113323356701381, 1.1244378962993984, -0.19185727401629885] [0.22059255892022533, 0.6219628676763348, 1.0327682015651982, 0.49462467617185585, 0.3115456478252717, 1.0178223668101656, 0.9569110343336316]
109.0754382610321
Starting 2 [0.986281768633805, 0.07419542393783458, 0.26569870452196764, 0.0, 0.8944962150738578, 0.27987691355795047, 0.0] [0.3031359226863535, 0.6470472187433188, 0.5230332689604402, 0.05157935977082491, 0.7770856741636142, 0.34250472633547296, -0.0319393613376372]
40.0848913192749
Starting 3 [0.9784837872897604, 0.32900831417575094, 0.14539143250194533, 0.1364968629185074, 0.8974677878798837, 0.30835618114209673, 0.7718385980637441] [0.99154614075574, 0.2915209908145255, 0.6700612721006192, 0.8540886421972275, 0.4904494013364229, 0.5552353495596991, 0.11257097573676057]
75.9230682849884
Starting 4 [0.8855158469712893, 0.24046556955076656, 0.2914319454173075, 0.0, 0.4522923311463284, 0.7918237813363745, 0.0] [1, 0.5, 1, 1, 0.5, 0.5, 1]
98.72297024726868
Starting 0 [1, 0, 0, 0, 0.7, 0, 0] [1, 0, 0, 0, 1, 0, 0]
46.84106779098511
Starting 1 [-0.052635509998207375, 1.0482668669404362, 0.8864986338574483, 0.11337677072238303, -0.10113323356701381, 1.1244378962993984, -0.19185727401629885] [0.22059255892022533, 0.6219628676763348, 1.0327682015651982, 0.49462467617185585, 0.3115456478252717, 1.0178223668101656, 0.9569110343336316]
49.11781883239746
Starting 2 [0.986281768633805, 0.07419542393783458, 0.26569870452196764, 0.0, 0.8944962150738578, 0.27987691355795047, 0.0] [0.3031359226863535, 0.6470472187433188, 0.5230332689604402, 0.05157935977082491, 0.7770856741636142, 0.34250472633547296, -0.0319393613376372]
60.82216477394104
Starting 3 [0.9784837872897604, 0.32900831417575094, 0.14539143250194533, 0.1364968629185074, 0.8974677878798837, 0.30835618114209673, 0.7718385980637441] [0.99154614075574, 0.2915209908145255, 0.6700612721006192, 0.8540886421972275, 0.4904494013364229, 0.5552353495596991, 0.11257097573676057]
73.51310682296753
Starting 4 [0.8855158469712893, 0.24046556955076656, 0.2914319454173075, 0.0, 0.4522923311463284, 0.7918237813363745, 0.0] [1, 0.5, 1, 1, 0.5, 0.5, 1]
189.11729955673218
Starting 0 [1, 0, 0, 0, 0.7, 0, 0] [1, 0, 0, 0, 1, 0, 0]
15.641913652420044
Starting 1 [-0.052635509998207375, 1.0482668669404362, 0.8864986338574483, 0.11337677072238303, -0.10113323356701381, 1.1244378962993984, -0.19185727401629885] [0.22059255892022533, 0.6219628676763348, 1.0327682015651982, 0.49462467617185585, 0.3115456478252717, 1.0178223668101656, 0.9569110343336316]
81.83442950248718
Starting 2 [0.986281768633805, 0.07419542393783458, 0.26569870452196764, 0.0, 0.8944962150738578, 0.27987691355795047, 0.0] [0.3031359226863535, 0.6470472187433188, 0.5230332689604402, 0.05157935977082491, 0.7770856741636142, 0.34250472633547296, -0.0319393613376372]
50.00299119949341
Starting 3 [0.9784837872897604, 0.32900831417575094, 0.14539143250194533, 0.1364968629185074, 0.8974677878798837, 0.30835618114209673, 0.7718385980637441] [0.99154614075574, 0.2915209908145255, 0.6700612721006192, 0.8540886421972275, 0.4904494013364229, 0.5552353495596991, 0.11257097573676057]
60.765450954437256
Starting 4 [0.8855158469712893, 0.24046556955076656, 0.2914319454173075, 0.0, 0.4522923311463284, 0.7918237813363745, 0.0] [1, 0.5, 1, 1, 0.5, 0.5, 1]
220.24196457862854
[1, 0, 3, 2, 4, 4, 5, 1, 3, 1]
Iteration 3
[[0.9715506728775545, 0.2982760693711492, 0.5341823973706639, 0.8816659569127576, 0.45397536154791884, 0.6101822604987024, 0.043107966089507725], [0.3744943271896103, 0.2879254597967003, 0.794956685372858, 0.43193049431656233, 0.36672555574235566, 0.9003738884090841, 0.015564364272834674], [0.9700061537986943, 0.19338283055058098, 0.466489582989482, 0.11401451768202624, 0.7417283941798758, 0.28845553420854997, 0.11286657520906396], [0.9665526151309829, 0.3308395877657051, 0.8647723188926428, 0.2304378889207618, 0.8535695018026708, 0.3484026560795137, 0.003919762778432555], [0.8855158469712893, 0.24046556955076656, 0.2914319454173075, 0.0, 0.4522923311463284, 0.7918237813363745, 0.0], [0.986281768633805, 0.07419542393783458, 0.26569870452196764, 0.0, 0.8944962150738578, 0.27987691355795047, 0.0], [0.959330791212294, 0.17562175494694515, 0.22128622184297775, 0.018434385608458392, 1.03840382043106, 0.061603605546676876, 0.11991621004303851], [0.99154614075574, 0.2915209908145255, 0.6700612721006192, 0.8540886421972275, 0.4904494013364229, 0.5552353495596991, 0.11257097573676057], [1, 0, 0, 0, 1, 0, 0], [0.22059255892022533, 0.6219628676763348, 1.0327682015651982, 0.49462467617185585, 0.3115456478252717, 1.0178223668101656, 0.9569110343336316]]
Starting 0 [0.9715506728775545, 0.2982760693711492, 0.5341823973706639, 0.8816659569127576, 0.45397536154791884, 0.6101822604987024, 0.043107966089507725] [0.986281768633805, 0.07419542393783458, 0.26569870452196764, 0.0, 0.8944962150738578, 0.27987691355795047, 0.0]
63.546640157699585
Starting 1 [0.3744943271896103, 0.2879254597967003, 0.794956685372858, 0.43193049431656233, 0.36672555574235566, 0.9003738884090841, 0.015564364272834674] [0.959330791212294, 0.17562175494694515, 0.22128622184297775, 0.018434385608458392, 1.03840382043106, 0.061603605546676876, 0.11991621004303851]
71.82864332199097
Starting 2 [0.9700061537986943, 0.19338283055058098, 0.466489582989482, 0.11401451768202624, 0.7417283941798758, 0.28845553420854997, 0.11286657520906396] [0.99154614075574, 0.2915209908145255, 0.6700612721006192, 0.8540886421972275, 0.4904494013364229, 0.5552353495596991, 0.11257097573676057]
93.27869939804077
Starting 3 [0.9665526151309829, 0.3308395877657051, 0.8647723188926428, 0.2304378889207618, 0.8535695018026708, 0.3484026560795137, 0.003919762778432555] [1, 0, 0, 0, 1, 0, 0]
55.909810304641724
Starting 4 [0.8855158469712893, 0.24046556955076656, 0.2914319454173075, 0.0, 0.4522923311463284, 0.7918237813363745, 0.0] [0.22059255892022533, 0.6219628676763348, 1.0327682015651982, 0.49462467617185585, 0.3115456478252717, 1.0178223668101656, 0.9569110343336316]
60.989256381988525
Starting 0 [0.9715506728775545, 0.2982760693711492, 0.5341823973706639, 0.8816659569127576, 0.45397536154791884, 0.6101822604987024, 0.043107966089507725] [0.986281768633805, 0.07419542393783458, 0.26569870452196764, 0.0, 0.8944962150738578, 0.27987691355795047, 0.0]
55.68721914291382
Starting 1 [0.3744943271896103, 0.2879254597967003, 0.794956685372858, 0.43193049431656233, 0.36672555574235566, 0.9003738884090841, 0.015564364272834674] [0.959330791212294, 0.17562175494694515, 0.22128622184297775, 0.018434385608458392, 1.03840382043106, 0.061603605546676876, 0.11991621004303851]
70.04123497009277
Starting 2 [0.9700061537986943, 0.19338283055058098, 0.466489582989482, 0.11401451768202624, 0.7417283941798758, 0.28845553420854997, 0.11286657520906396] [0.99154614075574, 0.2915209908145255, 0.6700612721006192, 0.8540886421972275, 0.4904494013364229, 0.5552353495596991, 0.11257097573676057]
93.7183165550232
Starting 3 [0.9665526151309829, 0.3308395877657051, 0.8647723188926428, 0.2304378889207618, 0.8535695018026708, 0.3484026560795137, 0.003919762778432555] [1, 0, 0, 0, 1, 0, 0]
50.600775718688965
Starting 4 [0.8855158469712893, 0.24046556955076656, 0.2914319454173075, 0.0, 0.4522923311463284, 0.7918237813363745, 0.0] [0.22059255892022533, 0.6219628676763348, 1.0327682015651982, 0.49462467617185585, 0.3115456478252717, 1.0178223668101656, 0.9569110343336316]
105.82668900489807
Starting 0 [0.9715506728775545, 0.2982760693711492, 0.5341823973706639, 0.8816659569127576, 0.45397536154791884, 0.6101822604987024, 0.043107966089507725] [0.986281768633805, 0.07419542393783458, 0.26569870452196764, 0.0, 0.8944962150738578, 0.27987691355795047, 0.0]
60.30699968338013
Starting 1 [0.3744943271896103, 0.2879254597967003, 0.794956685372858, 0.43193049431656233, 0.36672555574235566, 0.9003738884090841, 0.015564364272834674] [0.959330791212294, 0.17562175494694515, 0.22128622184297775, 0.018434385608458392, 1.03840382043106, 0.061603605546676876, 0.11991621004303851]
67.09501147270203
Starting 2 [0.9700061537986943, 0.19338283055058098, 0.466489582989482, 0.11401451768202624, 0.7417283941798758, 0.28845553420854997, 0.11286657520906396] [0.99154614075574, 0.2915209908145255, 0.6700612721006192, 0.8540886421972275, 0.4904494013364229, 0.5552353495596991, 0.11257097573676057]
70.05416965484619
Starting 3 [0.9665526151309829, 0.3308395877657051, 0.8647723188926428, 0.2304378889207618, 0.8535695018026708, 0.3484026560795137, 0.003919762778432555] [1, 0, 0, 0, 1, 0, 0]
38.91809678077698
Starting 4 [0.8855158469712893, 0.24046556955076656, 0.2914319454173075, 0.0, 0.4522923311463284, 0.7918237813363745, 0.0] [0.22059255892022533, 0.6219628676763348, 1.0327682015651982, 0.49462467617185585, 0.3115456478252717, 1.0178223668101656, 0.9569110343336316]
79.15681028366089
Starting 0 [0.9715506728775545, 0.2982760693711492, 0.5341823973706639, 0.8816659569127576, 0.45397536154791884, 0.6101822604987024, 0.043107966089507725] [0.986281768633805, 0.07419542393783458, 0.26569870452196764, 0.0, 0.8944962150738578, 0.27987691355795047, 0.0]
60.81980013847351
Starting 1 [0.3744943271896103, 0.2879254597967003, 0.794956685372858, 0.43193049431656233, 0.36672555574235566, 0.9003738884090841, 0.015564364272834674] [0.959330791212294, 0.17562175494694515, 0.22128622184297775, 0.018434385608458392, 1.03840382043106, 0.061603605546676876, 0.11991621004303851]
64.86830544471741
Starting 2 [0.9700061537986943, 0.19338283055058098, 0.466489582989482, 0.11401451768202624, 0.7417283941798758, 0.28845553420854997, 0.11286657520906396] [0.99154614075574, 0.2915209908145255, 0.6700612721006192, 0.8540886421972275, 0.4904494013364229, 0.5552353495596991, 0.11257097573676057]
103.26012563705444
Starting 3 [0.9665526151309829, 0.3308395877657051, 0.8647723188926428, 0.2304378889207618, 0.8535695018026708, 0.3484026560795137, 0.003919762778432555] [1, 0, 0, 0, 1, 0, 0]
44.99281454086304
Starting 4 [0.8855158469712893, 0.24046556955076656, 0.2914319454173075, 0.0, 0.4522923311463284, 0.7918237813363745, 0.0] [0.22059255892022533, 0.6219628676763348, 1.0327682015651982, 0.49462467617185585, 0.3115456478252717, 1.0178223668101656, 0.9569110343336316]
98.54030871391296
Starting 0 [0.9715506728775545, 0.2982760693711492, 0.5341823973706639, 0.8816659569127576, 0.45397536154791884, 0.6101822604987024, 0.043107966089507725] [0.986281768633805, 0.07419542393783458, 0.26569870452196764, 0.0, 0.8944962150738578, 0.27987691355795047, 0.0]
60.88403558731079
Starting 1 [0.3744943271896103, 0.2879254597967003, 0.794956685372858, 0.43193049431656233, 0.36672555574235566, 0.9003738884090841, 0.015564364272834674] [0.959330791212294, 0.17562175494694515, 0.22128622184297775, 0.018434385608458392, 1.03840382043106, 0.061603605546676876, 0.11991621004303851]
65.71597623825073
Starting 2 [0.9700061537986943, 0.19338283055058098, 0.466489582989482, 0.11401451768202624, 0.7417283941798758, 0.28845553420854997, 0.11286657520906396] [0.99154614075574, 0.2915209908145255, 0.6700612721006192, 0.8540886421972275, 0.4904494013364229, 0.5552353495596991, 0.11257097573676057]
75.4799337387085
Starting 3 [0.9665526151309829, 0.3308395877657051, 0.8647723188926428, 0.2304378889207618, 0.8535695018026708, 0.3484026560795137, 0.003919762778432555] [1, 0, 0, 0, 1, 0, 0]
43.76792860031128
Starting 4 [0.8855158469712893, 0.24046556955076656, 0.2914319454173075, 0.0, 0.4522923311463284, 0.7918237813363745, 0.0] [0.22059255892022533, 0.6219628676763348, 1.0327682015651982, 0.49462467617185585, 0.3115456478252717, 1.0178223668101656, 0.9569110343336316]
78.98426365852356
[4, 3, 2, 0, 1, 0, 2, 2, 4, 4]
Iteration 4
[[0.2578159573465871, 0.331788097145303, 0.8930699345971804, 0.8198629420946901, 0.3600643518320908, 0.9608882410181235, 0.6173671559557298], [1, 0, 0, 0, 1, 0, 0], [0.9572798166670828, 0.28084889471159097, 0.7944019859274027, 0.41802549145616097, 0.4506624374952587, 0.5104227289010486, 0.11752767685575499], [0.9715506728775545, 0.2982760693711492, 0.5341823973706639, 0.8816659569127576, 0.45397536154791884, 0.6101822604987024, 0.043107966089507725], [0.9807761472772172, 0.24245191068255323, 0.5682754275450506, 0.48405157993962683, 0.6160888977581493, 0.42184544188412454, 0.11271877547291226], [0.9824573349286488, 0.25844979387894274, 0.3835183280226888, 0.09074954809844758, 0.909237551497963, 0.5197871836825414, 0.02379313830134357], [0.3744943271896103, 0.2879254597967003, 0.794956685372858, 0.43193049431656233, 0.36672555574235566, 0.9003738884090841, 0.015564364272834674], [0.9943900623324087, 0.03817658422525496, 0.4165527266551983, 0.44215056300457617, 0.47344540219446835, 0.06463133413614228, 0.025463123263152917], [0.9576564810228695, 0.18084231983610768, 0.3018150272115397, 0.04863437720522628, 0.5490638774916421, 0.5922866353708522, 0.005756659673734682], [0.22059255892022533, 0.6219628676763348, 1.0327682015651982, 0.49462467617185585, 0.3115456478252717, 1.0178223668101656, 0.9569110343336316]]
Starting 0 [0.2578159573465871, 0.331788097145303, 0.8930699345971804, 0.8198629420946901, 0.3600643518320908, 0.9608882410181235, 0.6173671559557298] [0.9824573349286488, 0.25844979387894274, 0.3835183280226888, 0.09074954809844758, 0.909237551497963, 0.5197871836825414, 0.02379313830134357]
63.549769163131714
Starting 1 [1, 0, 0, 0, 1, 0, 0] [0.3744943271896103, 0.2879254597967003, 0.794956685372858, 0.43193049431656233, 0.36672555574235566, 0.9003738884090841, 0.015564364272834674]
56.067702293395996
Starting 2 [0.9572798166670828, 0.28084889471159097, 0.7944019859274027, 0.41802549145616097, 0.4506624374952587, 0.5104227289010486, 0.11752767685575499] [0.9943900623324087, 0.03817658422525496, 0.4165527266551983, 0.44215056300457617, 0.47344540219446835, 0.06463133413614228, 0.025463123263152917]
193.16369795799255
Starting 3 [0.9715506728775545, 0.2982760693711492, 0.5341823973706639, 0.8816659569127576, 0.45397536154791884, 0.6101822604987024, 0.043107966089507725] [0.9576564810228695, 0.18084231983610768, 0.3018150272115397, 0.04863437720522628, 0.5490638774916421, 0.5922866353708522, 0.005756659673734682]
133.37510013580322
Starting 4 [0.9807761472772172, 0.24245191068255323, 0.5682754275450506, 0.48405157993962683, 0.6160888977581493, 0.42184544188412454, 0.11271877547291226] [0.22059255892022533, 0.6219628676763348, 1.0327682015651982, 0.49462467617185585, 0.3115456478252717, 1.0178223668101656, 0.9569110343336316]
142.98058223724365
Starting 0 [0.2578159573465871, 0.331788097145303, 0.8930699345971804, 0.8198629420946901, 0.3600643518320908, 0.9608882410181235, 0.6173671559557298] [0.9824573349286488, 0.25844979387894274, 0.3835183280226888, 0.09074954809844758, 0.909237551497963, 0.5197871836825414, 0.02379313830134357]
61.35764288902283
Starting 1 [1, 0, 0, 0, 1, 0, 0] [0.3744943271896103, 0.2879254597967003, 0.794956685372858, 0.43193049431656233, 0.36672555574235566, 0.9003738884090841, 0.015564364272834674]
43.00862741470337
Starting 2 [0.9572798166670828, 0.28084889471159097, 0.7944019859274027, 0.41802549145616097, 0.4506624374952587, 0.5104227289010486, 0.11752767685575499] [0.9943900623324087, 0.03817658422525496, 0.4165527266551983, 0.44215056300457617, 0.47344540219446835, 0.06463133413614228, 0.025463123263152917]
214.51347255706787
Starting 3 [0.9715506728775545, 0.2982760693711492, 0.5341823973706639, 0.8816659569127576, 0.45397536154791884, 0.6101822604987024, 0.043107966089507725] [0.9576564810228695, 0.18084231983610768, 0.3018150272115397, 0.04863437720522628, 0.5490638774916421, 0.5922866353708522, 0.005756659673734682]
76.78914976119995
Starting 4 [0.9807761472772172, 0.24245191068255323, 0.5682754275450506, 0.48405157993962683, 0.6160888977581493, 0.42184544188412454, 0.11271877547291226] [0.22059255892022533, 0.6219628676763348, 1.0327682015651982, 0.49462467617185585, 0.3115456478252717, 1.0178223668101656, 0.9569110343336316]
59.714462757110596
Starting 0 [0.2578159573465871, 0.331788097145303, 0.8930699345971804, 0.8198629420946901, 0.3600643518320908, 0.9608882410181235, 0.6173671559557298] [0.9824573349286488, 0.25844979387894274, 0.3835183280226888, 0.09074954809844758, 0.909237551497963, 0.5197871836825414, 0.02379313830134357]
62.20745062828064
Starting 1 [1, 0, 0, 0, 1, 0, 0] [0.3744943271896103, 0.2879254597967003, 0.794956685372858, 0.43193049431656233, 0.36672555574235566, 0.9003738884090841, 0.015564364272834674]
81.07534980773926
Starting 2 [0.9572798166670828, 0.28084889471159097, 0.7944019859274027, 0.41802549145616097, 0.4506624374952587, 0.5104227289010486, 0.11752767685575499] [0.9943900623324087, 0.03817658422525496, 0.4165527266551983, 0.44215056300457617, 0.47344540219446835, 0.06463133413614228, 0.025463123263152917]
193.40388798713684
Starting 3 [0.9715506728775545, 0.2982760693711492, 0.5341823973706639, 0.8816659569127576, 0.45397536154791884, 0.6101822604987024, 0.043107966089507725] [0.9576564810228695, 0.18084231983610768, 0.3018150272115397, 0.04863437720522628, 0.5490638774916421, 0.5922866353708522, 0.005756659673734682]
134.20539569854736
Starting 4 [0.9807761472772172, 0.24245191068255323, 0.5682754275450506, 0.48405157993962683, 0.6160888977581493, 0.42184544188412454, 0.11271877547291226] [0.22059255892022533, 0.6219628676763348, 1.0327682015651982, 0.49462467617185585, 0.3115456478252717, 1.0178223668101656, 0.9569110343336316]
117.27271294593811
Starting 0 [0.2578159573465871, 0.331788097145303, 0.8930699345971804, 0.8198629420946901, 0.3600643518320908, 0.9608882410181235, 0.6173671559557298] [0.9824573349286488, 0.25844979387894274, 0.3835183280226888, 0.09074954809844758, 0.909237551497963, 0.5197871836825414, 0.02379313830134357]
58.94065499305725
Starting 1 [1, 0, 0, 0, 1, 0, 0] [0.3744943271896103, 0.2879254597967003, 0.794956685372858, 0.43193049431656233, 0.36672555574235566, 0.9003738884090841, 0.015564364272834674]
75.15337228775024
Starting 2 [0.9572798166670828, 0.28084889471159097, 0.7944019859274027, 0.41802549145616097, 0.4506624374952587, 0.5104227289010486, 0.11752767685575499] [0.9943900623324087, 0.03817658422525496, 0.4165527266551983, 0.44215056300457617, 0.47344540219446835, 0.06463133413614228, 0.025463123263152917]
224.8458960056305
Starting 3 [0.9715506728775545, 0.2982760693711492, 0.5341823973706639, 0.8816659569127576, 0.45397536154791884, 0.6101822604987024, 0.043107966089507725] [0.9576564810228695, 0.18084231983610768, 0.3018150272115397, 0.04863437720522628, 0.5490638774916421, 0.5922866353708522, 0.005756659673734682]
141.71401739120483
Starting 4 [0.9807761472772172, 0.24245191068255323, 0.5682754275450506, 0.48405157993962683, 0.6160888977581493, 0.42184544188412454, 0.11271877547291226] [0.22059255892022533, 0.6219628676763348, 1.0327682015651982, 0.49462467617185585, 0.3115456478252717, 1.0178223668101656, 0.9569110343336316]
52.59360432624817
Starting 0 [0.2578159573465871, 0.331788097145303, 0.8930699345971804, 0.8198629420946901, 0.3600643518320908, 0.9608882410181235, 0.6173671559557298] [0.9824573349286488, 0.25844979387894274, 0.3835183280226888, 0.09074954809844758, 0.909237551497963, 0.5197871836825414, 0.02379313830134357]
62.07983446121216
Starting 1 [1, 0, 0, 0, 1, 0, 0] [0.3744943271896103, 0.2879254597967003, 0.794956685372858, 0.43193049431656233, 0.36672555574235566, 0.9003738884090841, 0.015564364272834674]
47.28800678253174
Starting 2 [0.9572798166670828, 0.28084889471159097, 0.7944019859274027, 0.41802549145616097, 0.4506624374952587, 0.5104227289010486, 0.11752767685575499] [0.9943900623324087, 0.03817658422525496, 0.4165527266551983, 0.44215056300457617, 0.47344540219446835, 0.06463133413614228, 0.025463123263152917]
113.44286346435547
Starting 3 [0.9715506728775545, 0.2982760693711492, 0.5341823973706639, 0.8816659569127576, 0.45397536154791884, 0.6101822604987024, 0.043107966089507725] [0.9576564810228695, 0.18084231983610768, 0.3018150272115397, 0.04863437720522628, 0.5490638774916421, 0.5922866353708522, 0.005756659673734682]
75.54809856414795
Starting 4 [0.9807761472772172, 0.24245191068255323, 0.5682754275450506, 0.48405157993962683, 0.6160888977581493, 0.42184544188412454, 0.11271877547291226] [0.22059255892022533, 0.6219628676763348, 1.0327682015651982, 0.49462467617185585, 0.3115456478252717, 1.0178223668101656, 0.9569110343336316]
125.61520648002625
[1, 5, 2, 5, 3, 4, 0, 3, 0, 2]
[   [0.2578159573465871, 0.331788097145303, 0.8930699345971804, 0.8198629420946901, 0.3600643518320908, 0.9608882410181235, 0.6173671559557298],
    [1, 0, 0, 0, 1, 0, 0], 
    [0.9572798166670828, 0.28084889471159097, 0.7944019859274027, 0.41802549145616097, 0.4506624374952587, 0.5104227289010486, 0.11752767685575499], 
    [0.9715506728775545, 0.2982760693711492, 0.5341823973706639, 0.8816659569127576, 0.45397536154791884, 0.6101822604987024, 0.043107966089507725], 
    [0.9807761472772172, 0.24245191068255323, 0.5682754275450506, 0.48405157993962683, 0.6160888977581493, 0.42184544188412454, 0.11271877547291226], 
    [0.9824573349286488, 0.25844979387894274, 0.3835183280226888, 0.09074954809844758, 0.909237551497963, 0.5197871836825414, 0.02379313830134357], 
    [0.3744943271896103, 0.2879254597967003, 0.794956685372858, 0.43193049431656233, 0.36672555574235566, 0.9003738884090841, 0.015564364272834674],
    [0.9943900623324087, 0.03817658422525496, 0.4165527266551983, 0.44215056300457617, 0.47344540219446835, 0.06463133413614228, 0.025463123263152917], 
    [0.9576564810228695, 0.18084231983610768, 0.3018150272115397, 0.04863437720522628, 0.5490638774916421, 0.5922866353708522, 0.005756659673734682], 
    [0.22059255892022533, 0.6219628676763348, 1.0327682015651982, 0.49462467617185585, 0.3115456478252717, 1.0178223668101656, 0.9569110343336316]]
